%YAML:1.0
---
calibration_time: "Fri 06 Jan 2023 03:11:31 PM "
nr_of_frames: 9
image_width: 1280
image_height: 720
board_width: 9
board_height: 6
square_size: 280.
# flags: +use_lu
flags: 131072
fisheye_model: 0
camera_matrix: !!opencv-matrix
   rows: 3
   cols: 3
   dt: d
   data: [ 1.1147103226542622e+03, 0., 6.1846944420948000e+02, 0.,
       1.1115222395866085e+03, 3.3495608203968419e+02, 0., 0., 1. ]
distortion_coefficients: !!opencv-matrix
   rows: 1
   cols: 5
   dt: d
   data: [ 1.0070046828968715e-01, -8.1474552127303501e-01,
       1.9017999560516712e-03, 3.5267428030522833e-03,
       1.3910943794481188e+00 ]
avg_reprojection_error: 4.9985349102249271e-01
